[[1.0, 0.6034114282117817, 0.39800019256395397, -0.23695065008052502, 0.033816432530716645, 0.7138060289883005, 0.5910045244093891, 0.2951969446315043, -0.5917210876806224, -0.015275995573468835, -0.016134282112555236, -0.07279364354426997, 0.22519838165373368, -0.4968147919555263, 0.10682433841475487, 0.8470230573498159, 0.2922567283519715, -0.3595460509976209, 0.8114635727642893, -0.03408527611527529, -0.4961149076106867, 0.1101363706453024, 0.3502372051061316, 0.6623242251432934, 0.5859252032942529, 0.6759677189011194, 0.42597670292069845, -0.28911013682050835, 0.6496363817447123, 0.7436836319493083, -0.06110411630844098, 0.2794397778407164, 0.6313623484725791, 0.23334373675359307, -0.2203366127504485, 0.6312615988034485, 0.8647546820336289, 0.21309184896733127, 0.6349965115355601, -0.40774485617600215], [0.6034114282117817, 1.0, 0.3417431048575002, -0.26603167844281334, 0.008351111476247057, 0.4409103941703934, 0.33252845149060956, 0.37830323359530016, -0.39472905914595713, -0.004048484217743954, -0.010459892748171322, 0.17515604483682015, 0.20494299886752962, -0.25681112347065077, -0.033006370844222324, 0.5136215190168981, 0.11061518335296872, -0.26632971678359263, 0.5727113950495705, 0.02373444906568383, -0.3160488565762929, 0.08129827149084774, 0.05492452026872439, 0.40647888715964914, 0.4529004864507288, 0.48095275524480124, 0.1982496706143652, -0.29033332867895845, 0.41350374464100986, 0.4442695826826818, 0.05688352883973386, 0.17826861016976614, 0.3701839407802793, 0.12059380376255024, -0.1393243500475245, 0.27858365156992765, 0.6131924385527795, 0.2809472824112462, 0.40179049813891926, -0.35091200443407883], [0.39800019256395397, 0.3417431048575002, 1.0, -0.007707962812689358, -0.20716609426317575, 0.4995381449406019, 0.5325804115533903, 0.08548033543441813, -0.6168945676049665, -0.03172763184088879, 0.09547943939375592, -0.008304205290974842, -0.002341189535953264, -0.3459718537951182, 0.4311208129462926, 0.4647411258044786, 0.16099559442551664, -0.16745018577100382, 0.4111368367009199, 0.18433161561973332, -0.3972210949857839, 0.2500130374006795, 0.1410630128501956, 0.40985036671408076, 0.5866622632008686, 0.398138529164191, -0.18912748730199683, -0.5404734656069263, 0.36262629464081353, 0.5232803498586981, 0.13678782863174338, 0.5464009286773629, 0.4883499116348201, 0.22206751055818755, -0.23237489544952442, 0.4655539422206963, 0.47765881931745025, 0.1512898163929505, 0.3859267347414543, -0.4982311511681404], [-0.23695065008052502, -0.26603167844281334, -0.007707962812689358, 1.0, -0.0929546265250364, -0.18400599699512027, 0.02175733921789319, -0.30637570147677784, 0.11305019948752548, 0.009470359798653525, 0.014276925699624394, -0.15169851401470882, -0.02898516290107822, 0.1421264371708753, -0.10502760039002158, -0.21995346107897545, -0.11175985878060928, 0.4878728943945554, -0.22124224024085412, 0.2363649321178874, 0.0718213913393545, -0.25074832546955594, 0.09869933173006679, -0.16087855024268888, -0.21211260478555047, -0.21521340897836055, -0.1442833721327606, 0.04712226862204584, -0.22934036638375088, -0.09223250660058989, 0.27921757840684913, -0.01991815541028403, -0.06344707589822939, 0.11614466340979586, 0.23222834733750514, -0.17257309291454873, -0.29058510014991856, -0.12936352271796597, -0.15572005317492013, 0.25279989784808066], [0.033816432530716645, 0.008351111476247057, -0.20716609426317575, -0.0929546265250364, 1.0, 0.08057750240133753, -0.21249379735186927, -0.028311411817921642, 0.09078873394865919, -0.03689838844071316, 0.24055084355859296, -0.04604924566942081, 0.5776393596291716, -0.07853599182770606, -0.09785416280781746, 0.025087283014175017, -0.07342739682367934, -0.08345705934512021, 0.06233874448679501, -0.0006596452147895842, -0.01283561880291786, -0.11326214704662275, 0.19042901319097177, 0.08998250926177984, -0.05416315907048459, -0.01193661853014063, 0.3248027093019682, 0.09144530026017822, -0.0032573282560235278, -0.04968499495665322, 0.11515491025883193, -0.06588619507174413, -0.17645196219641215, 0.060334675941680606, -0.06201184069080371, -0.06867831950392352, -0.009494158092781818, 0.07143914834428207, 0.08565841814369317, 0.11239303536040052], [0.7138060289883005, 0.4409103941703934, 0.4995381449406019, -0.18400599699512027, 0.08057750240133753, 1.0, 0.6603106368063345, 0.14035637332535306, -0.6740846858219322, 0.02303397655646398, 0.04303089467964845, -0.032055057427847956, 0.16404694810901893, -0.8822222750067039, 0.28302148771755836, 0.720995800663909, 0.3056661400147995, -0.3981779324492195, 0.6367239069498066, -0.1305545175997465, -0.8659577203194402, 0.3179897731864908, 0.6136408059988216, 0.8951935181374144, 0.8918861290356064, 0.6676594467237997, 0.27510731746586053, -0.6819966936712532, 0.8951227667193151, 0.7673391213879845, 0.2393858031014488, 0.7164368313010849, 0.831033377542832, 0.3175340840824838, -0.3179630159214079, 0.7269642769269757, 0.732104318623874, 0.2465521753301034, 0.7874364345877255, -0.5499040312493608], [0.5910045244093891, 0.33252845149060956, 0.5325804115533903, 0.02175733921789319, -0.21249379735186927, 0.6603106368063345, 1.0, 0.03859590200546899, -0.5360057259243888, 0.0013034468408340274, -0.0847218691024112, -0.08562447965897302, 0.14123937815863943, -0.5099717919445468, 0.21310215231278526, 0.6546087342280725, 0.34770833662083733, -0.1446574689087991, 0.5739389831260531, 0.08059602442237977, -0.5524500998093435, 0.2959854324632436, 0.26589069152583655, 0.5528002629258794, 0.6090506048128173, 0.6304108980711388, -0.05155681868965307, -0.5205670712714185, 0.5919375478565259, 0.6311764928736161, 0.05233983988331266, 0.42506041275455464, 0.6569809335184404, 0.37982722780787204, -0.3181856625829529, 0.5585230218137813, 0.6751662382606154, 0.17017955159283324, 0.4649126813393781, -0.3971029575737868], [0.2951969446315043, 0.37830323359530016, 0.08548033543441813, -0.30637570147677784, -0.028311411817921642, 0.14035637332535306, 0.03859590200546899, 1.0, -0.2889076181365575, 0.018317579429667323, 0.18702596523139914, 0.17615670717439133, 0.042661658166115266, -0.12006446591423686, -0.030514686612617633, 0.2907338766009143, 0.12060187984862657, -0.29085897852524045, 0.24994445436477566, 0.13043997764062346, -0.09920654780839386, 0.09397326225400572, -0.06755824709171883, 0.02632368286153909, 0.13948232461442697, 0.15643262184368603, 0.09744081344164282, -0.06774575869861467, 0.16444853429788583, 0.10992262789064416, -0.062327322067105735, -0.018720165158991543, 0.12151817318665135, -0.11373393586688184, -0.040092180292052707, 0.1706700554402358, 0.2658091791366847, 0.044692928607604904, 0.037962952504257914, -0.31245470985352275], [-0.5917210876806224, -0.39472905914595713, -0.6168945676049665, 0.11305019948752548, 0.09078873394865919, -0.6740846858219322, -0.5360057259243888, -0.2889076181365575, 1.0, 0.019932661311948482, -0.13093215071906872, 0.14684203491125375, -0.08655276685900455, 0.5396194926535021, -0.3975784411025079, -0.6332007566636014, -0.10252718778468542, 0.4225169801176553, -0.5563695018586581, -0.17483751775815629, 0.555871327279386, -0.30805085880109384, -0.31843980104899144, -0.6073360036506794, -0.7101016352413438, -0.4764067827171764, -0.011226355847088462, 0.5944442024014407, -0.5794816889175302, -0.6005358780083637, -0.048677160917339146, -0.5532005337522956, -0.6067224777738901, -0.415201599857514, 0.1994895376407693, -0.6644736249279426, -0.7060918797438097, -0.2208399785836262, -0.5765481962160272, 0.6655486589626157], [-0.015275995573468835, -0.004048484217743954, -0.03172763184088879, 0.009470359798653525, -0.03689838844071316, 0.02303397655646398, 0.0013034468408340274, 0.018317579429667323, 0.019932661311948482, 1.0, -0.003517412239937331, -0.06237403142523074, -0.01183341167323459, -0.06911155298311783, 0.06849167624842292, 0.013592339973240632, -0.004716004135814614, -0.03101826060550713, -0.002866197844164828, -0.04288723792242103, -0.04834753082023677, 0.08916480927635625, 0.14280352834985438, 0.03956086574761895, 0.044163484736697074, -0.07397081338111652, -0.040544240024870185, -0.07647713738512173, 0.04137260025066419, 0.07124235482999643, 0.05265394072273166, 0.030125811147114274, 0.09467717464969243, -0.07264981762079363, -0.03454955601745361, 0.021549982610700822, -0.004869805421705976, -0.04539593453403229, 0.05274079198983332, -0.024650404525532663], [-0.016134282112555236, -0.010459892748171322, 0.09547943939375592, 0.014276925699624394, 0.24055084355859296, 0.04303089467964845, -0.0847218691024112, 0.18702596523139914, -0.13093215071906872, -0.003517412239937331, 1.0, -0.022732199386995725, 0.007270220711871973, -0.055749316376034544, 0.05627169242143603, -0.039967058074860416, -0.03028893674089112, -0.0086680421074569, -0.010912250576132432, 0.10872960642814952, -0.06693294890808829, 0.028492233034323675, 0.04006186231637675, 0.07673927185119336, 0.0784082372087213, -0.02342908176893656, 0.03674934390114139, -0.08630858759059847, -0.0031601480681208278, 0.00975235251119514, 0.11409591576129878, 0.09539345673729657, -0.0018435974039068762, -0.040830562232038244, -0.032016122107113264, 0.03697760205089748, 0.014318478665570615, 0.19344375244052772, 0.084858692827274, -0.21489917176825735], [-0.07279364354426997, 0.17515604483682015, -0.008304205290974842, -0.15169851401470882, -0.04604924566942081, -0.032055057427847956, -0.08562447965897302, 0.17615670717439133, 0.14684203491125375, -0.06237403142523074, -0.022732199386995725, 1.0, -0.055379420545491595, -0.05479020847725949, -0.11448276592395348, -0.10754834218803973, -0.027576563046865843, -0.06869008723166584, -0.10352172131140809, -0.04430104899165104, -0.12305799523126537, 0.3108302455358331, -0.34172594798651906, -0.0967862411900756, 0.04003378873862789, 0.02570563278702742, -0.06593359269634493, -0.07522323461716571, 0.02331561329376544, -0.14405460435674114, 0.10458948373175156, -0.007236872736665131, -0.1077149497726043, -0.1644329730619752, -0.15472507833610605, -0.23948452111833662, -0.08140155226196047, 0.048386292594938, -0.1984988717821529, 0.0103367153974624], [0.22519838165373368, 0.20494299886752962, -0.002341189535953264, -0.02898516290107822, 0.5776393596291716, 0.16404694810901893, 0.14123937815863943, 0.042661658166115266, -0.08655276685900455, -0.01183341167323459, 0.007270220711871973, -0.055379420545491595, 1.0, -0.09602187850560336, 0.0196785048545292, 0.22978751354974702, -0.049918861701432345, -0.02189960741599749, 0.31828271369291744, -0.009691439264956197, 0.0038172425541521567, -0.03188646002373797, 0.19740512505652924, 0.14009124204833853, 0.05085264283283791, 0.14871479948000524, 0.010723019086125605, -0.013528424222998192, 0.12208402046166704, 0.24011910181485202, 0.26477154016570303, 0.08288028423053653, 0.027042719429845163, 0.09564283275934288, -0.057489265174189695, 0.14284421648489265, 0.20134385266024765, 0.32714214965426286, 0.23150397091970434, -0.07497950439357841], [-0.4968147919555263, -0.25681112347065077, -0.3459718537951182, 0.1421264371708753, -0.07853599182770606, -0.8822222750067039, -0.5099717919445468, -0.12006446591423686, 0.5396194926535021, -0.06911155298311783, -0.055749316376034544, -0.05479020847725949, -0.09602187850560336, 1.0, -0.2955121664826815, -0.5096425241009007, -0.22631411106890698, 0.3382092421404749, -0.42414040604623127, 0.24441291299569318, 0.883268107956434, -0.3594644305326851, -0.5967544274025073, -0.7774003380323059, -0.8086273524247499, -0.5304768863361934, -0.19434488223944538, 0.6831542001438549, -0.8872471244177926, -0.6118008114531636, -0.34115301387174685, -0.7250269391062579, -0.7484379518597942, -0.3052990497919661, 0.24539762747568838, -0.6042461280448852, -0.5159854954728129, -0.20290889913396987, -0.6623390283807732, 0.49283660506210636], [0.10682433841475487, -0.033006370844222324, 0.4311208129462926, -0.10502760039002158, -0.09785416280781746, 0.28302148771755836, 0.21310215231278526, -0.030514686612617633, -0.3975784411025079, 0.06849167624842292, 0.05627169242143603, -0.11448276592395348, 0.0196785048545292, -0.2955121664826815, 1.0, 0.1163578225490902, 0.02150477424466654, -0.042257632923836684, 0.16820346308026332, 0.054487217211168205, -0.258400510208238, 0.20209864480164896, 0.13721652841665274, 0.14337927522315863, 0.34137155213983356, 0.0443002666260867, -0.23773244302852714, -0.39024430724470294, 0.244234844316301, 0.22718878862246059, 0.15157883893992768, 0.43907476592064976, 0.3618544866715896, 0.2562368541718847, -0.20473693770618634, 0.27952269656713363, 0.1967602453385555, -0.020444424436748886, 0.25244439568672794, -0.3627132226230272], [0.8470230573498159, 0.5136215190168981, 0.4647411258044786, -0.21995346107897545, 0.025087283014175017, 0.720995800663909, 0.6546087342280725, 0.2907338766009143, -0.6332007566636014, 0.013592339973240632, -0.039967058074860416, -0.10754834218803973, 0.22978751354974702, -0.5096425241009007, 0.1163578225490902, 1.0, 0.28227502629572676, -0.3351782488642613, 0.7453946036380746, -0.034574845738617944, -0.5062983592587179, 0.1539121322414579, 0.4048595107954704, 0.6447478008939763, 0.6169753999120072, 0.6448384602417903, 0.15087122988741916, -0.33354586223206206, 0.6754509716693676, 0.7875702373898897, -0.05737299246672372, 0.32130423373354355, 0.665805293243889, 0.2595911291492848, -0.2318510427041282, 0.6109726769919331, 0.8311317440405543, 0.275456237791093, 0.6394997746678663, -0.4224450549291938], [0.2922567283519715, 0.11061518335296872, 0.16099559442551664, -0.11175985878060928, -0.07342739682367934, 0.3056661400147995, 0.34770833662083733, 0.12060187984862657, -0.10252718778468542, -0.004716004135814614, -0.03028893674089112, -0.027576563046865843, -0.049918861701432345, -0.22631411106890698, 0.02150477424466654, 0.28227502629572676, 1.0, -0.17327799985164968, 0.2631451219937783, -0.04200618957121465, -0.27535957811756623, 0.13459903418791389, 0.06399666045232405, 0.2117582174206061, 0.2905173690395167, 0.32764352993393503, -0.02956750933650882, -0.22879688185422628, 0.2763111731167303, 0.31439741862947296, -0.025721288187915532, 0.17485625161583168, 0.2858555737522557, 0.1096778201289161, -0.1414894517292481, 0.2661124861848834, 0.29026111248822406, 0.01633158230587943, 0.2562663716105042, -0.12486377710102299], [-0.3595460509976209, -0.26632971678359263, -0.16745018577100382, 0.4878728943945554, -0.08345705934512021, -0.3981779324492195, -0.1446574689087991, -0.29085897852524045, 0.4225169801176553, -0.03101826060550713, -0.0086680421074569, -0.06869008723166584, -0.02189960741599749, 0.3382092421404749, -0.042257632923836684, -0.3351782488642613, -0.17327799985164968, 1.0, -0.35023293549317236, 0.18401935111798792, 0.3420690064383698, -0.2794195994500663, -0.1475936954731793, -0.43606309149576117, -0.48434829860582673, -0.31986431902701645, -0.17011665674570667, 0.3587413229434532, -0.4537110069652603, -0.27786112900106574, 0.22552885642792828, -0.23269449422669183, -0.29133917864383385, -0.01808716964624586, 0.06495882538676519, -0.47461931871940877, -0.4558178642664343, -0.05046005523900837, -0.47553992563308956, 0.5019759059511247], [0.8114635727642893, 0.5727113950495705, 0.4111368367009199, -0.22124224024085412, 0.06233874448679501, 0.6367239069498066, 0.5739389831260531, 0.24994445436477566, -0.5563695018586581, -0.002866197844164828, -0.010912250576132432, -0.10352172131140809, 0.31828271369291744, -0.42414040604623127, 0.16820346308026332, 0.7453946036380746, 0.2631451219937783, -0.35023293549317236, 1.0, -0.026338509119856354, -0.4540701115901233, 0.12347119166113277, 0.3530539520944627, 0.5773298131167022, 0.5639942131199562, 0.5415768417605208, 0.3263963345903653, -0.3175122210883954, 0.5869699615936402, 0.6511236816956156, 0.013263741628421985, 0.30109482342269045, 0.574091532741499, 0.2355566651228932, -0.20790052482005392, 0.5825164657277163, 0.7709374258169455, 0.4026501852476987, 0.5914904345959155, -0.40949386321369075], [-0.03408527611527529, 0.02373444906568383, 0.18433161561973332, 0.2363649321178874, -0.0006596452147895842, -0.1305545175997465, 0.08059602442237977, 0.13043997764062346, -0.17483751775815629, -0.04288723792242103, 0.10872960642814952, -0.04430104899165104, -0.009691439264956197, 0.24441291299569318, 0.054487217211168205, -0.034574845738617944, -0.04200618957121465, 0.18401935111798792, -0.026338509119856354, 1.0, 0.11837214598861365, -0.05906095371595761, -0.11434013468222295, -0.15770072053381556, -0.05190750929698647, -0.09402169964393645, -0.1263743556668442, -0.011888040175497615, -0.38670146449807924, -0.07260207330175455, -0.04924294677507773, -0.02822814962632527, -0.09158773958999486, 0.20228759989348774, -0.13418641714235194, -0.047029659744765286, -0.00396514669490277, -0.012307067044336992, -0.09893486941025434, -0.13408278589328393], [-0.4961149076106867, -0.3160488565762929, -0.3972210949857839, 0.0718213913393545, -0.01283561880291786, -0.8659577203194402, -0.5524500998093435, -0.09920654780839386, 0.555871327279386, -0.04834753082023677, -0.06693294890808829, -0.12305799523126537, 0.0038172425541521567, 0.883268107956434, -0.258400510208238, -0.5062983592587179, -0.27535957811756623, 0.3420690064383698, -0.4540701115901233, 0.11837214598861365, 1.0, -0.48166475508711576, -0.5331875235036495, -0.797641600308623, -0.8869856654832474, -0.5138739474843139, -0.15302959027899454, 0.8255608193988468, -0.8156358323288462, -0.586565349696855, -0.30226585598020866, -0.7114686604133988, -0.7489425649508704, -0.27602444412322913, 0.19458281435796493, -0.57570199631679, -0.5218060355442373, -0.24672034335185558, -0.6568756549156572, 0.4958187845430362], [0.1101363706453024, 0.08129827149084774, 0.2500130374006795, -0.25074832546955594, -0.11326214704662275, 0.3179897731864908, 0.2959854324632436, 0.09397326225400572, -0.30805085880109384, 0.08916480927635625, 0.028492233034323675, 0.3108302455358331, -0.03188646002373797, -0.3594644305326851, 0.20209864480164896, 0.1539121322414579, 0.13459903418791389, -0.2794195994500663, 0.12347119166113277, -0.05906095371595761, -0.48166475508711576, 1.0, 0.04130601624253717, 0.30084423751968686, 0.4474028882303505, 0.16011907527071662, -0.16047592406328492, -0.4975907256383853, 0.31792015423578807, 0.20652971094379916, 0.04790400657885099, 0.32134288937612154, 0.31313926888854837, 0.1205773319422429, -0.19651600640525577, 0.2820321397847026, 0.21786990570669715, 0.16553484141770697, 0.23989306246659456, -0.4739328546737758], [0.3502372051061316, 0.05492452026872439, 0.1410630128501956, 0.09869933173006679, 0.19042901319097177, 0.6136408059988216, 0.26589069152583655, -0.06755824709171883, -0.31843980104899144, 0.14280352834985438, 0.04006186231637675, -0.34172594798651906, 0.19740512505652924, -0.5967544274025073, 0.13721652841665274, 0.4048595107954704, 0.06399666045232405, -0.1475936954731793, 0.3530539520944627, -0.11434013468222295, -0.5331875235036495, 0.04130601624253717, 1.0, 0.5585145272943488, 0.4753054346800357, 0.30035918617906643, 0.39424134717519804, -0.3733480888963274, 0.5297708010901652, 0.5670797335300507, 0.335370415175304, 0.41869665446800436, 0.5964300100836156, 0.27218895929732406, -0.022164728272525788, 0.5135050663974878, 0.3040764529164497, -0.0015289530273961223, 0.6302915182076336, -0.2711612988251791], [0.6623242251432934, 0.40647888715964914, 0.40985036671408076, -0.16087855024268888, 0.08998250926177984, 0.8951935181374144, 0.5528002629258794, 0.02632368286153909, -0.6073360036506794, 0.03956086574761895, 0.07673927185119336, -0.0967862411900756, 0.14009124204833853, -0.7774003380323059, 0.14337927522315863, 0.6447478008939763, 0.2117582174206061, -0.43606309149576117, 0.5773298131167022, -0.15770072053381556, -0.797641600308623, 0.30084423751968686, 0.5585145272943488, 1.0, 0.8168059938655857, 0.6248672341072417, 0.3266737569131726, -0.6151047075049624, 0.8196081469890591, 0.6689311747948675, 0.13139043854517046, 0.6032382397878104, 0.7515987027707881, 0.2400137578326205, -0.12689408648846454, 0.656721390409856, 0.6670885128026515, 0.33191449614162954, 0.7674274493749388, -0.4869885821544367], [0.5859252032942529, 0.4529004864507288, 0.5866622632008686, -0.21211260478555047, -0.05416315907048459, 0.8918861290356064, 0.6090506048128173, 0.13948232461442697, -0.7101016352413438, 0.044163484736697074, 0.0784082372087213, 0.04003378873862789, 0.05085264283283791, -0.8086273524247499, 0.34137155213983356, 0.6169753999120072, 0.2905173690395167, -0.48434829860582673, 0.5639942131199562, -0.05190750929698647, -0.8869856654832474, 0.4474028882303505, 0.4753054346800357, 0.8168059938655857, 1.0, 0.5588839188142168, 0.07916658241382882, -0.8645524765585695, 0.8153288928503627, 0.6776253981647794, 0.17092332680232336, 0.7472354086715289, 0.777654663282813, 0.26315872621607944, -0.27309380740066863, 0.7128499401156562, 0.6692431421375797, 0.2920833130735726, 0.7464239017257217, -0.6293798603890612], [0.6759677189011194, 0.48095275524480124, 0.398138529164191, -0.21521340897836055, -0.01193661853014063, 0.6676594467237997, 0.6304108980711388, 0.15643262184368603, -0.4764067827171764, -0.07397081338111652, -0.02342908176893656, 0.02570563278702742, 0.14871479948000524, -0.5304768863361934, 0.0443002666260867, 0.6448384602417903, 0.32764352993393503, -0.31986431902701645, 0.5415768417605208, -0.09402169964393645, -0.5138739474843139, 0.16011907527071662, 0.30035918617906643, 0.6248672341072417, 0.5588839188142168, 1.0, 0.20177987926797758, -0.3849329483466222, 0.6033405355762271, 0.5607340309924708, 0.04053063673429964, 0.32581212257751135, 0.56049634796748, 0.054471645551699394, -0.12363984045475251, 0.5276170586477481, 0.6807989442787091, 0.1751048843270807, 0.5159915646265227, -0.43069435196742256], [0.42597670292069845, 0.1982496706143652, -0.18912748730199683, -0.1442833721327606, 0.3248027093019682, 0.27510731746586053, -0.05155681868965307, 0.09744081344164282, -0.011226355847088462, -0.040544240024870185, 0.03674934390114139, -0.06593359269634493, 0.010723019086125605, -0.19434488223944538, -0.23773244302852714, 0.15087122988741916, -0.02956750933650882, -0.17011665674570667, 0.3263963345903653, -0.1263743556668442, -0.15302959027899454, -0.16047592406328492, 0.39424134717519804, 0.3266737569131726, 0.07916658241382882, 0.20177987926797758, 1.0, 0.11355853397451547, 0.22339965213453147, 0.19739238228021408, -0.08369046413901976, -0.004581514226196862, 0.15600829680612333, -0.05758885408726132, -0.08148669745230991, 0.1599829643052102, 0.16734863422276702, -0.06939035317529546, 0.23604511500015576, 0.05973836954795056], [-0.28911013682050835, -0.29033332867895845, -0.5404734656069263, 0.04712226862204584, 0.09144530026017822, -0.6819966936712532, -0.5205670712714185, -0.06774575869861467, 0.5944442024014407, -0.07647713738512173, -0.08630858759059847, -0.07522323461716571, -0.013528424222998192, 0.6831542001438549, -0.39024430724470294, -0.33354586223206206, -0.22879688185422628, 0.3587413229434532, -0.3175122210883954, -0.011888040175497615, 0.8255608193988468, -0.4975907256383853, -0.3733480888963274, -0.6151047075049624, -0.8645524765585695, -0.3849329483466222, 0.11355853397451547, 1.0, -0.6249646514670552, -0.44525500468416834, -0.23503205288425683, -0.7243879923549114, -0.6406549622689627, -0.21430449602315516, 0.03427553549574823, -0.5613706597697371, -0.4239428382170291, -0.23273652573344697, -0.5629530935525021, 0.5667524203610087], [0.6496363817447123, 0.41350374464100986, 0.36262629464081353, -0.22934036638375088, -0.0032573282560235278, 0.8951227667193151, 0.5919375478565259, 0.16444853429788583, -0.5794816889175302, 0.04137260025066419, -0.0031601480681208278, 0.02331561329376544, 0.12208402046166704, -0.8872471244177926, 0.244234844316301, 0.6754509716693676, 0.2763111731167303, -0.4537110069652603, 0.5869699615936402, -0.38670146449807924, -0.8156358323288462, 0.31792015423578807, 0.5297708010901652, 0.8196081469890591, 0.8153288928503627, 0.6033405355762271, 0.22339965213453147, -0.6249646514670552, 1.0, 0.6867795729550913, 0.20663070549793794, 0.6145522660214386, 0.7607460276083257, 0.25874162607652773, -0.23184351057187563, 0.6626320203855353, 0.679866674449767, 0.24928648580300042, 0.722845907551154, -0.4553888582476664], [0.7436836319493083, 0.4442695826826818, 0.5232803498586981, -0.09223250660058989, -0.04968499495665322, 0.7673391213879845, 0.6311764928736161, 0.10992262789064416, -0.6005358780083637, 0.07124235482999643, 0.00975235251119514, -0.14405460435674114, 0.24011910181485202, -0.6118008114531636, 0.22718878862246059, 0.7875702373898897, 0.31439741862947296, -0.27786112900106574, 0.6511236816956156, -0.07260207330175455, -0.586565349696855, 0.20652971094379916, 0.5670797335300507, 0.6689311747948675, 0.6776253981647794, 0.5607340309924708, 0.19739238228021408, -0.44525500468416834, 0.6867795729550913, 1.0, 0.11661176634049644, 0.5098150958340711, 0.7388725498776436, 0.27106448861074683, -0.2802616138348819, 0.6432473485165601, 0.7221742208256221, 0.18134542209263615, 0.6783792730114059, -0.4254051768094862], [-0.06110411630844098, 0.05688352883973386, 0.13678782863174338, 0.27921757840684913, 0.11515491025883193, 0.2393858031014488, 0.05233983988331266, -0.062327322067105735, -0.048677160917339146, 0.05265394072273166, 0.11409591576129878, 0.10458948373175156, 0.26477154016570303, -0.34115301387174685, 0.15157883893992768, -0.05737299246672372, -0.025721288187915532, 0.22552885642792828, 0.013263741628421985, -0.04924294677507773, -0.30226585598020866, 0.04790400657885099, 0.335370415175304, 0.13139043854517046, 0.17092332680232336, 0.04053063673429964, -0.08369046413901976, -0.23503205288425683, 0.20663070549793794, 0.11661176634049644, 1.0, 0.33601934410148304, 0.09235208882532055, 0.18296554511782148, -0.19818636761295721, 0.023436690425488346, -0.12580547543434148, 0.13962696805840438, 0.1412117187430845, 0.021835961447960087], [0.2794397778407164, 0.17826861016976614, 0.5464009286773629, -0.01991815541028403, -0.06588619507174413, 0.7164368313010849, 0.42506041275455464, -0.018720165158991543, -0.5532005337522956, 0.030125811147114274, 0.09539345673729657, -0.007236872736665131, 0.08288028423053653, -0.7250269391062579, 0.43907476592064976, 0.32130423373354355, 0.17485625161583168, -0.23269449422669183, 0.30109482342269045, -0.02822814962632527, -0.7114686604133988, 0.32134288937612154, 0.41869665446800436, 0.6032382397878104, 0.7472354086715289, 0.32581212257751135, -0.004581514226196862, -0.7243879923549114, 0.6145522660214386, 0.5098150958340711, 0.33601934410148304, 1.0, 0.5541741124458607, 0.23192888724086874, -0.19886035740788197, 0.5679215921171551, 0.350918942170707, 0.10724275060232123, 0.5161326619644673, -0.5576690104717814], [0.6313623484725791, 0.3701839407802793, 0.4883499116348201, -0.06344707589822939, -0.17645196219641215, 0.831033377542832, 0.6569809335184404, 0.12151817318665135, -0.6067224777738901, 0.09467717464969243, -0.0018435974039068762, -0.1077149497726043, 0.027042719429845163, -0.7484379518597942, 0.3618544866715896, 0.665805293243889, 0.2858555737522557, -0.29133917864383385, 0.574091532741499, -0.09158773958999486, -0.7489425649508704, 0.31313926888854837, 0.5964300100836156, 0.7515987027707881, 0.777654663282813, 0.56049634796748, 0.15600829680612333, -0.6406549622689627, 0.7607460276083257, 0.7388725498776436, 0.09235208882532055, 0.5541741124458607, 1.0, 0.34365005666494547, -0.15422848518228532, 0.6633926854139421, 0.6805627709843372, 0.175904405850122, 0.7146229963688163, -0.5220252908078006], [0.23334373675359307, 0.12059380376255024, 0.22206751055818755, 0.11614466340979586, 0.060334675941680606, 0.3175340840824838, 0.37982722780787204, -0.11373393586688184, -0.415201599857514, -0.07264981762079363, -0.040830562232038244, -0.1644329730619752, 0.09564283275934288, -0.3052990497919661, 0.2562368541718847, 0.2595911291492848, 0.1096778201289161, -0.01808716964624586, 0.2355566651228932, 0.20228759989348774, -0.27602444412322913, 0.1205773319422429, 0.27218895929732406, 0.2400137578326205, 0.26315872621607944, 0.054471645551699394, -0.05758885408726132, -0.21430449602315516, 0.25874162607652773, 0.27106448861074683, 0.18296554511782148, 0.23192888724086874, 0.34365005666494547, 1.0, -0.06063222691285494, 0.2861861961854056, 0.31743824670690596, -0.0210510593285894, 0.2822962209921937, -0.26337381438189233], [-0.2203366127504485, -0.1393243500475245, -0.23237489544952442, 0.23222834733750514, -0.06201184069080371, -0.3179630159214079, -0.3181856625829529, -0.040092180292052707, 0.1994895376407693, -0.03454955601745361, -0.032016122107113264, -0.15472507833610605, -0.057489265174189695, 0.24539762747568838, -0.20473693770618634, -0.2318510427041282, -0.1414894517292481, 0.06495882538676519, -0.20790052482005392, -0.13418641714235194, 0.19458281435796493, -0.19651600640525577, -0.022164728272525788, -0.12689408648846454, -0.27309380740066863, -0.12363984045475251, -0.08148669745230991, 0.03427553549574823, -0.23184351057187563, -0.2802616138348819, -0.19818636761295721, -0.19886035740788197, -0.15422848518228532, -0.06063222691285494, 1.0, -0.15793858119463794, -0.22537228962986317, -0.12122182809566008, -0.12269557516195957, 0.1831633264440308], [0.6312615988034485, 0.27858365156992765, 0.4655539422206963, -0.17257309291454873, -0.06867831950392352, 0.7269642769269757, 0.5585230218137813, 0.1706700554402358, -0.6644736249279426, 0.021549982610700822, 0.03697760205089748, -0.23948452111833662, 0.14284421648489265, -0.6042461280448852, 0.27952269656713363, 0.6109726769919331, 0.2661124861848834, -0.47461931871940877, 0.5825164657277163, -0.047029659744765286, -0.57570199631679, 0.2820321397847026, 0.5135050663974878, 0.656721390409856, 0.7128499401156562, 0.5276170586477481, 0.1599829643052102, -0.5613706597697371, 0.6626320203855353, 0.6432473485165601, 0.023436690425488346, 0.5679215921171551, 0.6633926854139421, 0.2861861961854056, -0.15793858119463794, 1.0, 0.6863347765094625, 0.10871706583705246, 0.6902504936037441, -0.6396804504680728], [0.8647546820336289, 0.6131924385527795, 0.47765881931745025, -0.29058510014991856, -0.009494158092781818, 0.732104318623874, 0.6751662382606154, 0.2658091791366847, -0.7060918797438097, -0.004869805421705976, 0.014318478665570615, -0.08140155226196047, 0.20134385266024765, -0.5159854954728129, 0.1967602453385555, 0.8311317440405543, 0.29026111248822406, -0.4558178642664343, 0.7709374258169455, -0.00396514669490277, -0.5218060355442373, 0.21786990570669715, 0.3040764529164497, 0.6670885128026515, 0.6692431421375797, 0.6807989442787091, 0.16734863422276702, -0.4239428382170291, 0.679866674449767, 0.7221742208256221, -0.12580547543434148, 0.350918942170707, 0.6805627709843372, 0.31743824670690596, -0.22537228962986317, 0.6863347765094625, 1.0, 0.221286647860344, 0.6570418529085478, -0.549400965621722], [0.21309184896733127, 0.2809472824112462, 0.1512898163929505, -0.12936352271796597, 0.07143914834428207, 0.2465521753301034, 0.17017955159283324, 0.044692928607604904, -0.2208399785836262, -0.04539593453403229, 0.19344375244052772, 0.048386292594938, 0.32714214965426286, -0.20290889913396987, -0.020444424436748886, 0.275456237791093, 0.01633158230587943, -0.05046005523900837, 0.4026501852476987, -0.012307067044336992, -0.24672034335185558, 0.16553484141770697, -0.0015289530273961223, 0.33191449614162954, 0.2920833130735726, 0.1751048843270807, -0.06939035317529546, -0.23273652573344697, 0.24928648580300042, 0.18134542209263615, 0.13962696805840438, 0.10724275060232123, 0.175904405850122, -0.0210510593285894, -0.12122182809566008, 0.10871706583705246, 0.221286647860344, 1.0, 0.26326157116928894, -0.26394017286997534], [0.6349965115355601, 0.40179049813891926, 0.3859267347414543, -0.15572005317492013, 0.08565841814369317, 0.7874364345877255, 0.4649126813393781, 0.037962952504257914, -0.5765481962160272, 0.05274079198983332, 0.084858692827274, -0.1984988717821529, 0.23150397091970434, -0.6623390283807732, 0.25244439568672794, 0.6394997746678663, 0.2562663716105042, -0.47553992563308956, 0.5914904345959155, -0.09893486941025434, -0.6568756549156572, 0.23989306246659456, 0.6302915182076336, 0.7674274493749388, 0.7464239017257217, 0.5159915646265227, 0.23604511500015576, -0.5629530935525021, 0.722845907551154, 0.6783792730114059, 0.1412117187430845, 0.5161326619644673, 0.7146229963688163, 0.2822962209921937, -0.12269557516195957, 0.6902504936037441, 0.6570418529085478, 0.26326157116928894, 1.0, -0.47920274299980226], [-0.40774485617600215, -0.35091200443407883, -0.4982311511681404, 0.25279989784808066, 0.11239303536040052, -0.5499040312493608, -0.3971029575737868, -0.31245470985352275, 0.6655486589626157, -0.024650404525532663, -0.21489917176825735, 0.0103367153974624, -0.07497950439357841, 0.49283660506210636, -0.3627132226230272, -0.4224450549291938, -0.12486377710102299, 0.5019759059511247, -0.40949386321369075, -0.13408278589328393, 0.4958187845430362, -0.4739328546737758, -0.2711612988251791, -0.4869885821544367, -0.6293798603890612, -0.43069435196742256, 0.05973836954795056, 0.5667524203610087, -0.4553888582476664, -0.4254051768094862, 0.021835961447960087, -0.5576690104717814, -0.5220252908078006, -0.26337381438189233, 0.1831633264440308, -0.6396804504680728, -0.549400965621722, -0.26394017286997534, -0.47920274299980226, 1.0]]